1.054632368370454198e-14 2.805830713361667589e-15 5.871824401073034858e-16 1.313106421103195900e-16 4.689000889468123853e-17 1.224542425413418317e-17 6.804970513737487803e-19 7.822308728245382598e-23 0.000000000000000000e+00 0.000000000000000000e+00 0.000000000000000000e+00 0.000000000000000000e+00 0.000000000000000000e+00 0.000000000000000000e+00 0.000000000000000000e+00 0.000000000000000000e+00 0.000000000000000000e+00 0.000000000000000000e+00 0.000000000000000000e+00
2.327639177131686526e-14 7.191789107959471069e-15 1.800543354781576302e-15 4.125365583913856789e-16 1.256304324574740895e-16 4.426039263947829987e-17 6.417902906605659296e-18 4.402317678745511959e-20 2.703806194788459987e-33 0.000000000000000000e+00 0.000000000000000000e+00 0.000000000000000000e+00 0.000000000000000000e+00 0.000000000000000000e+00 0.000000000000000000e+00 0.000000000000000000e+00 0.000000000000000000e+00 0.000000000000000000e+00 0.000000000000000000e+00
4.646443511592317456e-14 1.611842592519812738e-14 4.580351226491508923e-15 1.195567237490190242e-15 3.514054727017427470e-16 1.341039967681412667e-16 3.563350066368186596e-17 1.689813594416247647e-18 5.610677222583216492e-23 0.000000000000000000e+00 0.000000000000000000e+00 0.000000000000000000e+00 0.000000000000000000e+00 0.000000000000000000e+00 0.000000000000000000e+00 0.000000000000000000e+00 0.000000000000000000e+00 0.000000000000000000e+00 0.000000000000000000e+00
8.656278677943356551e-14 3.367758371970343344e-14 1.037755510836640696e-14 2.961962298048654036e-15 9.368407250057935144e-16 3.743451584134634505e-16 1.417450667993169180e-16 2.028797330495812097e-17 9.185351613173914021e-20 0.000000000000000000e+00 0.000000000000000000e+00 0.000000000000000000e+00 0.000000000000000000e+00 0.000000000000000000e+00 0.000000000000000000e+00 0.000000000000000000e+00 0.000000000000000000e+00 0.000000000000000000e+00 0.000000000000000000e+00
1.510037906538622166e-13 6.751678298579104134e-14 2.244911679874466001e-14 6.674795539593812687e-15 2.206289193676793462e-15 9.613013695636064967e-16 4.556183250839092628e-16 1.300009288946649343e-16 5.484128338003001878e-18 7.926774105866948259e-23 0.000000000000000000e+00 0.000000000000000000e+00 0.000000000000000000e+00 0.000000000000000000e+00 0.000000000000000000e+00 0.000000000000000000e+00 0.000000000000000000e+00 0.000000000000000000e+00 0.000000000000000000e+00
2.410033785788903844e-13 1.273419609343099340e-13 4.692707656401389894e-14 1.454913914358317559e-14 4.809590498827368550e-15 2.188738403512400455e-15 1.255326973195051717e-15 5.596421531149417918e-16 8.397821684106448473e-17 2.764253433318218492e-19 0.000000000000000000e+00 0.000000000000000000e+00 0.000000000000000000e+00 0.000000000000000000e+00 0.000000000000000000e+00 0.000000000000000000e+00 0.000000000000000000e+00 0.000000000000000000e+00 0.000000000000000000e+00
3.736782558306351130e-13 2.124735094998356188e-13 8.807049802902708597e-14 2.938656150266664541e-14 1.005583264781697838e-14 4.586459706820544278e-15 2.987878417929400891e-15 1.855912019760460264e-15 6.069379050143197386e-16 2.468750138088610691e-17 2.340740174666841303e-22 0.000000000000000000e+00 0.000000000000000000e+00 0.000000000000000000e+00 0.000000000000000000e+00 0.000000000000000000e+00 0.000000000000000000e+00 0.000000000000000000e+00 0.000000000000000000e+00
4.058737473965751995e-13 3.063246504800742510e-13 1.312236907882722760e-13 4.630193520363300190e-14 1.762489034262258530e-14 8.891964594129776961e-15 6.366158525343294477e-15 5.048033832434714471e-15 2.772924706180851848e-15 4.644328061112618719e-16 1.319508878094589521e-18 0.000000000000000000e+00 0.000000000000000000e+00 0.000000000000000000e+00 0.000000000000000000e+00 0.000000000000000000e+00 0.000000000000000000e+00 0.000000000000000000e+00 2.036762852614160363e-13
8.847814220123576273e-13 1.120999770028851355e-12 1.494160229690013751e-13 5.075366623028106415e-14 2.139093072880870224e-14 1.394425551868041628e-14 1.227143364560605268e-14 1.180628228913496137e-14 9.403621589217947811e-15 3.680647183093675889e-15 1.566657470147322794e-16 3.895409164692130386e-22 0.000000000000000000e+00 0.000000000000000000e+00 0.000000000000000000e+00 0.000000000000000000e+00 0.000000000000000000e+00 0.000000000000000000e+00 9.509441703318828443e-10
3.582737317001484484e-13 3.019124996839341084e-13 1.647170711528610056e-13 5.030708809334862098e-14 2.367831440782958370e-14 2.027316659285274611e-14 2.198687527593504442e-14 2.490192201878302526e-14 2.565393922942521607e-14 1.759107304998022004e-14 3.384234016702986056e-15 1.277380322160873513e-17 0.000000000000000000e+00 0.000000000000000000e+00 0.000000000000000000e+00 0.000000000000000000e+00 0.000000000000000000e+00 4.017342407703548491e-12 1.775250031642792417e-08
1.755298872345679913e-13 2.787972388300591228e-13 2.036468779105918578e-13 1.051866652022385966e-13 5.714788177796083964e-14 4.617171630243810781e-14 4.839515864082047364e-14 5.374534748612441592e-14 6.126549919603249964e-14 5.969213445269670671e-14 2.861194683635967868e-14 1.450492206979727325e-15 4.585866579123724016e-21 0.000000000000000000e+00 0.000000000000000000e+00 0.000000000000000000e+00 0.000000000000000000e+00 2.760715183325795034e-09 4.888727307176500273e-08
1.185127448026159915e-13 2.759887909897897066e-13 4.420812987464347051e-13 4.299766203582057369e-13 2.774622362439523824e-13 1.672124663063583600e-13 1.458374291588118262e-13 1.424840200808844940e-13 1.485498560473769501e-13 1.622443309304060168e-13 1.333113616827887903e-13 3.136735746885735137e-14 3.050468676496987013e-16 0.000000000000000000e+00 0.000000000000000000e+00 0.000000000000000000e+00 5.154804710309354502e-11 2.148527935274753900e-08 9.792451697911745480e-08
1.607632601772160320e-13 5.109001644596573798e-13 1.505398488572654298e-12 2.875165063229329077e-12 2.414325169167070797e-12 1.037485728737342777e-12 5.414178950461527663e-13 4.376551217116417107e-13 4.011326393406703660e-13 4.034538798069569473e-13 4.076683681177350639e-13 2.284093511818843445e-13 2.674163657503158701e-14 9.483262320530735976e-18 0.000000000000000000e+00 0.000000000000000000e+00 4.905946061917907819e-09 4.270054774996025590e-08 1.445891159777799923e-07
2.440053796526319904e-13 1.111404882218444402e-12 8.570781789880068607e-12 1.005333616502452536e-10 1.423932738322337891e-10 5.595237652192973088e-11 8.911272467285018975e-12 1.526421795327989895e-12 9.510859979368070318e-13 8.801155168252998818e-13 8.837801954038410134e-13 7.175313972585097618e-13 3.540453471651506451e-13 4.117966527950921306e-14 0.000000000000000000e+00 2.767152525713664595e-11 6.572799655668491081e-09 2.555226219428102906e-08 8.719652971746175677e-08
2.987169857924268289e-13 1.569670136577500144e-12 1.958034317166530574e-11 3.157037176141022984e-10 5.750130314923817009e-10 2.885998700175099723e-10 6.664378302684995463e-11 7.786001520698123850e-12 1.577492748511187532e-12 1.254090934147650938e-12 1.241753930295024711e-12 1.064006385001291097e-12 8.659629968690896683e-13 2.553357059019668327e-13 0.000000000000000000e+00 5.632464168376386497e-10 3.481567827686431718e-09 1.309094448970978392e-08 4.679563440732171330e-08
2.746874441145253314e-13 1.352550674602598395e-12 1.390065736567431323e-11 2.230934739823577926e-10 3.694651707605670423e-10 1.671017808205769358e-10 3.180616350698845141e-11 3.693875652422528803e-12 1.237851119587774079e-12 1.087890101221241681e-12 1.081759708840130153e-12 9.193914446919543546e-13 6.148242485182560098e-13 1.780715283829708357e-13 0.000000000000000000e+00 1.913263328049670413e-10 4.487970182336490897e-09 1.723941531495898045e-08 6.570007302879243605e-08
1.949914033236310232e-13 7.193021425965680247e-13 3.128561480370377022e-12 1.023113980311635636e-11 1.123356720757153853e-11 3.950319502775868076e-12 1.153313756227520324e-12 6.937004854165664398e-13 6.005960790451894018e-13 5.785532655991191630e-13 5.900647206477647847e-13 4.072718632833420648e-13 1.006359791352491536e-13 8.920239632959625505e-16 0.000000000000000000e+00 1.058921376123485194e-17 7.596275561812422025e-09 4.104713876100022890e-08 1.230191969861044489e-07
1.230892819395122148e-13 3.867446593451237950e-13 1.609586741428653471e-12 8.633112032256452944e-13 6.125013840057461068e-13 3.246406642516825752e-13 2.466400465954332730e-13 2.275417314819016776e-13 2.238025573163578894e-13 2.393869047744287188e-13 2.229359410676262052e-13 8.102135126114844697e-14 2.427376373276071769e-15 0.000000000000000000e+00 0.000000000000000000e+00 0.000000000000000000e+00 8.550379076809276761e-10 3.171180776785830377e-08 1.310367332026620244e-07
1.443690541014966121e-13 2.682489248919626878e-13 2.752346013697965635e-13 1.828775879085145809e-13 1.055425499883189697e-13 7.583907271035350421e-14 7.464634715029760162e-14 7.871721066176665567e-14 8.789530382700513486e-14 9.268997663120286151e-14 5.813202784728227327e-14 6.216416031893624386e-15 2.089007098110921856e-18 0.000000000000000000e+00 0.000000000000000000e+00 0.000000000000000000e+00 4.925507216220336610e-16 8.541483096045741160e-09 6.352805461053463382e-08
