x,y,r,N_numeric,N_theoretical,ratio,log_ratio
0.4,0.0,0.4,0,0.41151272051331184,inf,inf
0.4,0.1,0.4123105625617661,0,0.418720882245993,inf,inf
0.4,0.2,0.447213595499958,0,0.48456163371007827,inf,inf
0.4,0.30000000000000004,0.5,0,0.3505682224099618,inf,inf
0.4,0.4,0.5656854249492381,0,0.12426056637560248,inf,inf
0.4,0.5,0.6403124237432849,1,0.02812494945316815,35.55561945685042,1.55090824940431
0.4,0.6000000000000001,0.7211102550927979,0,0.020473720042401774,inf,inf
0.4,0.7000000000000001,0.806225774829855,0,0.028968965481963583,inf,inf
0.4,0.8,0.894427190999916,0,0.041710100293559,inf,inf
0.4,0.9,0.9848857801796105,1,0.05258613936933599,19.01641786206347,1.2791287119045214
0.4,1.0,1.077032961426901,0,0.057449022468701434,inf,inf
0.4,1.1,1.1704699910719625,0,0.05553724955872822,inf,inf
0.4,1.2000000000000002,1.264911064067352,0,0.04848431938862565,inf,inf
0.4,1.3,1.3601470508735443,0,0.03892675400679723,inf,inf
0.4,1.4000000000000001,1.4560219778561039,0,0.02924822497265378,inf,inf
0.5,0.0,0.5,0,1.337646613102985,inf,inf
0.5,0.1,0.5099019513592785,3,1.462690366923799,2.051015080046869,0.3119688535214944
0.5,0.2,0.5385164807134505,2,1.5087945696736464,1.325561504660374,0.12239988334404082
0.5,0.30000000000000004,0.5830951894845301,1,1.1456075638636285,0.8728992645853713,-0.059035872398654
0.5,0.4,0.6403124237432849,1,0.5817555665316549,1.71893499182459,0.23525945247197583
0.5,0.5,0.7071067811865476,0,0.16989947273457598,inf,inf
0.5,0.6000000000000001,0.7810249675906655,0,0.06059396440202071,inf,inf
0.5,0.7000000000000001,0.8602325267042628,0,0.05933961825245108,inf,inf
0.5,0.8,0.9433981132056605,1,0.08399852183537138,11.904971398900317,1.0757283563713322
0.5,0.9,1.0295630140987,0,0.11287813275739608,inf,inf
0.5,1.0,1.118033988749895,0,0.133963563650092,inf,inf
0.5,1.1,1.2083045973594573,0,0.1410385467093193,inf,inf
0.5,1.2000000000000002,1.3,0,0.13375432551811303,inf,inf
0.5,1.3,1.392838827718412,0,0.11604589186971345,inf,inf
0.5,1.4000000000000001,1.4866068747318506,0,0.09346035964916709,inf,inf
0.6,0.0,0.6,7,3.851389417761855,1.8175258953865763,0.25948060723032196
0.6,0.1,0.6082762530298219,10,4.50957736823517,2.2175027022351577,0.34586415773267165
0.6,0.2,0.6324555320336759,5,4.522223158904271,1.1056508766390674,0.04361801459527775
0.6,0.30000000000000004,0.6708203932499369,2,3.283000086270213,0.609198887433531,-0.21524089847768815
0.6,0.4,0.7211102550927979,1,1.8862756624594967,0.5301452061869417,-0.27560516132638335
0.6,0.5,0.7810249675906654,2,0.7748690859118301,2.5810811611441338,0.4118016609882156
0.6,0.6000000000000001,0.8485281374238571,0,0.25791418447032727,inf,inf
0.6,0.7000000000000001,0.9219544457292888,1,0.14125196454470926,7.079547553361487,0.8500055032607821
0.6,0.8,1.0,0,0.15465241325306947,inf,inf
0.6,0.9,1.0816653826391966,0,0.20226374139099082,inf,inf
0.6,1.0,1.16619037896906,0,0.24885198357238592,inf,inf
0.6,1.1,1.252996408614167,0,0.27610300669835947,inf,inf
0.6,1.2000000000000002,1.3416407864998738,0,0.277196608402849,inf,inf
0.6,1.3,1.4317821063276355,1,0.2547955175934973,3.924715824849822,0.5938082164525933
0.7,0.0,0.7,11,11.53274784030118,0.9538056456554531,-0.020540111269153623
0.7,0.1,0.7071067811865475,8,12.580342130074309,0.6359127531893877,-0.19660246518113125
0.7,0.2,0.7280109889280517,6,11.864174797753751,0.5057241740180685,-0.29608628624934824
0.7,0.30000000000000004,0.7615773105863908,5,8.228595637221597,0.6076371012062832,-0.2163557167756103
0.7,0.4,0.8062257748298549,4,4.809607672829065,0.8316686665727883,-0.08004966041498482
0.7,0.5,0.8602325267042626,1,2.405787216346847,0.4156643585123399,-0.3812572128404879
0.7,0.6000000000000001,0.9219544457292888,0,0.962038398627471,inf,inf
0.7,0.7000000000000001,0.9899494936611666,0,0.4178183254057534,inf,inf
0.7,0.8,1.063014581273465,0,0.3103736195742186,inf,inf
0.7,0.9,1.140175425099138,1,0.3457643265995273,2.892143356241098,0.46121981603654
0.7,1.0,1.2206555615733703,1,0.4130825724623756,2.420823502766101,0.3839631270836384
0.7,1.1,1.3038404810405297,3,0.46551798905853026,6.444434093873021,0.80918478659263
0.7,1.2000000000000002,1.3892443989449805,2,0.48249742397413947,4.145099850537636,0.6175349966511189
0.7,1.3,1.47648230602334,2,0.4611239972170207,4.337228190400882,0.6372122718662869
0.7999999999999999,0.0,0.7999999999999999,48,37.25659367197234,1.2883625492609054,0.11003809205131415
0.7999999999999999,0.1,0.8062257748298549,39,34.56272306258627,1.1283833142828097,0.05245665549779145
0.7999999999999999,0.2,0.824621125123532,22,27.047840221753944,0.8133736305609317,-0.08970991145874113
0.7999999999999999,0.30000000000000004,0.8544003745317531,16,17.632390871039263,0.9074209003771336,-0.042191221968916684
0.7999999999999999,0.4,0.8944271909999159,8,10.145010081814721,0.7885650123049434,-0.10316249596680764
0.7999999999999999,0.5,0.9433981132056604,6,5.565571407688944,1.078056422330847,0.032641491152853745
0.7999999999999999,0.6000000000000001,1.0,2,2.6550775332591465,0.7532736708991585,-0.12304721215462147
0.7999999999999999,0.7000000000000001,1.0630145812734648,2,1.1851431174572211,1.687559899340336,0.22725919690531088
0.7999999999999999,0.8,1.131370849898476,1,0.6912339339860913,1.4466882351006245,0.16037494966521573
0.7999999999999999,0.9,1.2041594578792296,1,0.6130436001657963,1.631205349390406,0.21250863700189174
0.7999999999999999,1.0,1.2806248474865698,1,0.6636438432851438,1.5068323320078418,0.17806493026095427
0.7999999999999999,1.1,1.3601470508735443,2,0.728080598031811,2.74694862822401,0.43885053758311915
0.7999999999999999,1.2000000000000002,1.4422205101855958,2,0.7583220104700168,2.637402017067099,0.4211763339976816
0.8999999999999999,0.0,0.8999999999999999,113,101.74309289872055,1.1106405042402736,0.04557350782489589
0.8999999999999999,0.1,0.9055385138137416,81,85.46667539283409,0.9477378127521198,-0.023311791590037455
0.8999999999999999,0.2,0.9219544457292886,55,55.65180903929109,0.9882877295357838,-0.005116596750824904
0.8999999999999999,0.30000000000000004,0.9486832980505138,42,32.630936784181934,1.2871221037196756,0.1096197485021183
0.8999999999999999,0.4,0.9848857801796104,21,18.105970704429563,1.1598383949037554,0.06439748138998105
0.8999999999999999,0.5,1.0295630140987,9,10.289455776601525,0.8746818291853901,-0.05814989550101935
0.8999999999999999,0.6000000000000001,1.0816653826391966,3,5.583170741116281,0.5373290803928001,-0.2697596546623431
0.8999999999999999,0.7000000000000001,1.1401754250991378,3,2.779351184032086,1.0793886059579603,0.03317782933443692
0.8999999999999999,0.8,1.2041594578792296,1,1.5241262657720014,0.6561136189680974,-0.18302094748685796
0.8999999999999999,0.9,1.2727922061357855,0,1.1366035313046472,inf,inf
0.8999999999999999,1.0,1.345362404707371,1,1.081155121174759,0.9249366537832446,-0.03388800980630352
0.8999999999999999,1.1,1.4212670403551895,2,1.1110937076526461,1.8000281940443197,0.25527930755995965
0.8999999999999999,1.2000000000000002,1.5,0,1.1292862718659136,inf,inf
0.9999999999999999,0.0,0.9999999999999999,191,180.85553151703058,1.056091557708392,0.023701570928718066
0.9999999999999999,0.1,1.004987562112089,168,154.08423675816067,1.0903126986550902,0.03755107025671308
0.9999999999999999,0.2,1.0198039027185568,110,99.9692386171654,1.1003384793321038,0.04152630069848059
0.9999999999999999,0.30000000000000004,1.0440306508910548,75,54.70467976052134,1.3709978804066625,0.13703678336106487
0.9999999999999999,0.4,1.0770329614269007,30,28.530352642596682,1.0515117137111403,0.02181411503639157
0.9999999999999999,0.5,1.1180339887498947,9,16.039510667358076,0.5611143747867479,-0.2509486052751627
0.9999999999999999,0.6000000000000001,1.16619037896906,12,9.451996116552968,1.2695730988489085,0.10365771152148336
0.9999999999999999,0.7000000000000001,1.2206555615733703,10,5.308573976666516,1.8837450592106912,0.27502212623292205
0.9999999999999999,0.8,1.2806248474865698,5,3.037791513165594,1.645932572505493,0.21641203987467242
0.9999999999999999,0.9,1.345362404707371,1,2.106752465586115,0.47466421249531665,-0.3236135108594786
0.9999999999999999,1.0,1.414213562373095,1,1.807312397374702,0.5533077742689076,-0.2570332276742124
0.9999999999999999,1.1,1.4866068747318506,1,1.7122403609617722,0.5840301530085975,-0.23356473003282086
1.0999999999999999,0.0,1.0999999999999999,230,193.42975368525273,1.1890621562505532,0.07520455723524537
1.0999999999999999,0.1,1.104536101718726,210,179.2432868187794,1.1715919950314044,0.06877639567807797
1.0999999999999999,0.2,1.1180339887498947,166,138.1243117568415,1.2018159431066107,0.07983796099965189
1.0999999999999999,0.30000000000000004,1.1401754250991378,104,85.26474186658878,1.219730426941604,0.08626385770091903
1.0999999999999999,0.4,1.1704699910719623,50,44.6900766451253,1.1188166088198888,0.048758904844009666
1.0999999999999999,0.5,1.208304597359457,19,23.400414712489624,0.8119514219489038,-0.09046995328423013
1.0999999999999999,0.6000000000000001,1.2529964086141667,23,13.893307220475553,1.6554733610225842,0.21892219671359187
1.0999999999999999,0.7000000000000001,1.3038404810405297,20,8.592803371995545,2.3275291117659207,0.3668951216620721
1.0999999999999999,0.8,1.3601470508735443,8,5.360115602294051,1.492505123691011,0.1739158307139116
1.0999999999999999,0.9,1.4212670403551895,6,3.747728225374184,1.600969878065516,0.20438316083060795
1.0999999999999999,1.0,1.4866068747318506,3,3.0642033497677232,0.9790472946997496,-0.009196328287761799
1.1999999999999997,0.0,1.1999999999999997,158,149.32821273931887,1.05807199524861,0.02451521975531327
1.1999999999999997,0.1,1.2041594578792292,182,148.32756093928174,1.227014041405981,0.0888495326294032
1.1999999999999997,0.2,1.2165525060596436,145,134.89150175486387,1.0749379917461823,0.03138341251285183
1.1999999999999997,0.30000000000000004,1.2369316876852978,115,106.94908553502447,1.0752780112583473,0.031520764852242124
1.1999999999999997,0.4,1.2649110640673513,80,71.33951378800495,1.1213981670485007,0.04975984189858027
1.1999999999999997,0.5,1.2999999999999998,41,39.31032753849906,1.0429829148547831,0.01827719428936557
1.1999999999999997,0.6000000000000001,1.3416407864998736,29,21.41356761719603,1.3542815713114396,0.13170896874624316
1.1999999999999997,0.7000000000000001,1.38924439894498,19,13.106133438401526,1.4497029264427597,0.16127901559713437
1.1999999999999997,0.8,1.4422205101855954,13,8.707317390886057,1.4929971444026022,0.17405897706770565
1.1999999999999997,0.9,1.4999999999999998,8,6.362394927899782,1.2573881518921664,0.09946936376659758
1.2999999999999998,0.0,1.2999999999999998,84,82.50212679888716,1.0181555707620018,0.007814141813588537
1.2999999999999998,0.1,1.3038404810405295,104,88.87440803435749,1.1701906353040934,0.06825661825595862
1.2999999999999998,0.2,1.3152946437965904,110,97.05536373060828,1.1333737340403103,0.054373143638515226
1.2999999999999998,0.30000000000000004,1.3341664064126333,94,98.62231360573563,0.9531311582872174,-0.02084733293874236
1.2999999999999998,0.4,1.3601470508735443,82,89.31051684875897,0.9181449497024096,-0.03708875029489194
1.2999999999999998,0.5,1.3928388277184118,71,65.68430732665503,1.0809278941910656,0.033796724296154684
1.2999999999999998,0.6000000000000001,1.4317821063276353,45,40.06148542242479,1.1232733765486098,0.050485465502700354
1.2999999999999998,0.7000000000000001,1.4764823060233399,26,23.24392206976119,1.1185719829023297,0.048663937267127574
1.4,0.0,1.4,24,29.669449809296175,0.8089128768569279,-0.09209825111679126
1.4,0.1,1.40356688476182,32,35.26488599893893,0.9074182176843797,-0.04219250591595979
1.4,0.2,1.414213562373095,46,50.17667131007324,0.9167606937442511,-0.03774401542022882
1.4,0.30000000000000004,1.4317821063276353,54,69.64948110144914,0.7753108730464966,-0.11052412539334162
1.4,0.4,1.4560219778561034,74,83.17457394094225,0.8896949691926691,-0.05075886515618196
1.4,0.5,1.4866068747318506,87,80.89510064413719,1.0754668614941054,0.03159703295502429
1.4999999999999996,0.0,1.4999999999999996,8,6.467241386554541,1.2370034643568555,0.09237091591768884
